%YAML:1.0
---
camera_matrix: !!opencv-matrix
   rows: 3
   cols: 3
   dt: d
   data: [ 928.66258508986664, 0., 644.10322676669023, 0.,
       931.50356635312312, 351.6066883013599, 0., 0., 1. ]
dist_coeff: !!opencv-matrix
   rows: 1
   cols: 5
   dt: d
   data: [ -0.068873261706260236, 0.35945948796659272,
       -0.0017580493244624322, 0.00042343403045226678,
       -0.51852310122256196 ]
new_camera_matrix: !!opencv-matrix
   rows: 3
   cols: 3
   dt: d
   data: [ 880.84346588263531, 0., 648.33016578361594, 0.,
       884.72390205884722, 347.68065034299735, 0., 0., 1. ]
